635026176000000000,12.00,46.00
635026176600000000,12.00,47.00
635026177200000000,12.00,47.00
635026177800000000,12.00,48.00
635026178400000000,12.00,48.00
635026179000000000,13.00,48.00
635026179600000000,13.00,48.00
635026180200000000,13.00,48.00
635026180800000000,13.00,48.00
635026181400000000,13.00,48.00
635026182000000000,14.00,48.00
635026182600000000,14.00,48.00
635026183200000000,14.00,48.00
635026183800000000,14.00,48.00
635026184400000000,13.00,48.00
635026185000000000,12.00,48.00
635026185600000000,12.00,48.00
635026186200000000,13.00,48.00
635026186800000000,14.00,48.00
635026187400000000,14.00,49.00
635026188000000000,14.00,50.00
635026188600000000,14.00,50.00
635026189200000000,14.00,50.00
635026189800000000,14.00,50.00
635026190400000000,14.00,50.00
635026191000000000,13.00,50.00
635026191600000000,13.00,50.00
635026192200000000,13.00,50.00
635026192800000000,14.00,50.00
635026193400000000,14.00,50.00
635026194000000000,14.00,49.00
635026194600000000,13.00,49.00
635026195200000000,13.00,50.00
635026195800000000,13.00,50.00
635026196400000000,13.00,50.00
635026197000000000,13.00,50.00
635026197600000000,13.00,49.00
635026198200000000,14.00,49.00
635026198800000000,15.00,49.00
635026199400000000,16.00,49.00
635026200000000000,16.00,48.00
635026200600000000,16.00,48.00
635026201200000000,16.00,47.00
635026201800000000,16.00,47.00
635026202400000000,16.00,47.00
635026203000000000,16.00,48.00
635026203600000000,16.00,47.00
635026204200000000,16.00,47.00
635026204800000000,15.00,47.00
635026205400000000,15.00,47.00
635026206000000000,15.00,47.00
635026206600000000,15.00,47.00
635026207200000000,15.00,47.00
635026207800000000,15.00,47.00
635026208400000000,14.00,47.00
635026209000000000,14.00,46.00
635026209600000000,14.00,46.00
635026210200000000,14.00,47.00
635026210800000000,14.00,46.00
635026211400000000,15.00,46.00
635026212000000000,15.00,46.00
635026212600000000,15.00,45.00
635026213200000000,15.00,45.00
635026213800000000,15.00,45.00
635026214400000000,15.00,45.00
635026215000000000,15.00,45.00
635026215600000000,14.00,45.00
635026216200000000,13.00,45.00
635026216800000000,13.00,45.00
635026217400000000,13.00,45.00
635026218000000000,13.00,45.00
635026218600000000,13.00,45.00
635026219200000000,14.00,45.00
635026219800000000,14.00,45.00
635026220400000000,14.00,45.00
635026221000000000,14.00,46.00
635026221600000000,14.00,45.00
635026222200000000,14.00,45.00
635026222800000000,14.00,45.00
635026223400000000,14.00,45.00
635026224000000000,14.00,45.00
635026224600000000,14.00,45.00
635026225200000000,13.00,45.00
635026225800000000,13.00,44.00
635026226400000000,14.00,44.00
635026227000000000,14.00,44.00
635026227600000000,14.00,44.00
635026228200000000,14.00,43.00
635026228800000000,14.00,43.00
635026229400000000,14.00,44.00
635026230000000000,13.00,44.00
635026230600000000,12.00,44.00
635026231200000000,12.00,44.00
635026231800000000,13.00,44.00
635026232400000000,13.00,45.00
635026233000000000,14.00,45.00
635026233600000000,13.00,45.00
635026234200000000,13.00,45.00
635026234800000000,12.00,45.00
635026235400000000,12.00,45.00
635026236000000000,13.00,45.00
635026236600000000,13.00,46.00
635026237200000000,13.00,46.00
635026237800000000,13.00,46.00
635026238400000000,13.00,46.00
635026239000000000,14.00,46.00
635026239600000000,14.00,46.00
635026240200000000,14.00,46.00
635026240800000000,14.00,46.00
635026241400000000,14.00,46.00
635026242000000000,14.00,46.00
635026242600000000,14.00,46.00
635026243200000000,14.00,46.00
635026243800000000,14.00,46.00
635026244400000000,14.00,47.00
635026245000000000,14.00,48.00
635026245600000000,13.00,48.00
635026246200000000,13.00,47.00
635026246800000000,13.00,47.00
635026247400000000,12.00,47.00
635026248000000000,12.00,46.00
635026248600000000,12.00,46.00
635026249200000000,12.00,46.00
635026249800000000,12.00,46.00
635026250400000000,12.00,47.00
635026251000000000,12.00,47.00
635026251600000000,13.00,47.00
635026252200000000,14.00,47.00
635026252800000000,14.00,47.00
635026253400000000,14.00,47.00
635026254000000000,13.00,47.00
635026254600000000,13.00,47.00
635026255200000000,13.00,47.00
635026255800000000,13.00,47.00
635026256400000000,13.00,47.00
635026257000000000,13.00,47.00
635026257600000000,13.00,47.00
635026258200000000,13.00,47.00
635026258800000000,13.00,46.00
635026259400000000,13.00,46.00
635026260000000000,13.00,46.00
635026260600000000,13.00,46.00
635026261200000000,13.00,45.00
635026261800000000,13.00,45.00
635026262400000000,13.00,46.00
635026263000000000,13.00,46.00
635026263600000000,13.00,45.00
635026264200000000,14.00,45.00
635026264800000000,14.00,45.00
635026265400000000,14.00,45.00
635026266000000000,14.00,45.00
635026266600000000,14.00,45.00
635026267200000000,15.00,45.00
635026267800000000,16.00,45.00
635026268400000000,16.00,45.00
635026269000000000,15.00,45.00
635026269600000000,15.00,45.00
635026270200000000,15.00,44.00
635026270800000000,15.00,43.00
635026271400000000,15.00,42.00
635026272000000000,16.00,42.00
635026272600000000,16.00,42.00
635026273200000000,17.00,42.00
635026273800000000,16.00,42.00
635026274400000000,16.00,42.00
635026275000000000,16.00,43.00
635026275600000000,16.00,43.00
635026276200000000,15.00,43.00
635026276800000000,16.00,43.00
635026277400000000,16.00,43.00
635026278000000000,16.00,43.00
635026278600000000,16.00,43.00
635026279200000000,17.00,43.00
635026279800000000,17.00,43.00
635026280400000000,17.00,42.00
635026281000000000,17.00,42.00
635026281600000000,17.00,42.00
635026282200000000,17.00,42.00
635026282800000000,17.00,43.00
635026283400000000,17.00,43.00
635026284000000000,16.00,43.00
635026284600000000,17.00,43.00
635026285200000000,17.00,44.00
635026285800000000,17.00,44.00
635026286400000000,17.00,44.00
635026287000000000,17.00,44.00
635026287600000000,17.00,44.00
635026288200000000,17.00,44.00
635026288800000000,18.00,44.00
635026289400000000,18.00,43.00
635026290000000000,18.00,43.00
635026290600000000,18.00,43.00
635026291200000000,18.00,43.00
635026291800000000,18.00,43.00
635026292400000000,18.00,43.00
635026293000000000,18.00,43.00
635026293600000000,18.00,43.00
635026294200000000,18.00,44.00
635026294800000000,18.00,44.00
635026295400000000,18.00,44.00
635026296000000000,18.00,44.00
635026296600000000,17.00,44.00
635026297200000000,17.00,44.00
635026297800000000,17.00,44.00
635026298400000000,16.00,44.00
635026299000000000,15.00,44.00
635026299600000000,15.00,44.00
635026300200000000,15.00,45.00
635026300800000000,15.00,45.00
635026301400000000,16.00,45.00
635026302000000000,16.00,45.00
635026302600000000,16.00,45.00
635026303200000000,17.00,45.00
635026303800000000,17.00,45.00
635026304400000000,17.00,46.00
635026305000000000,17.00,46.00
635026305600000000,17.00,46.00
635026306200000000,17.00,45.00
635026306800000000,16.00,45.00
635026307400000000,15.00,45.00
635026308000000000,15.00,45.00
635026308600000000,14.00,45.00
635026309200000000,13.00,45.00
635026309800000000,13.00,45.00
635026310400000000,13.00,45.00
635026311000000000,13.00,45.00
635026311600000000,13.00,45.00
635026312200000000,12.00,45.00
635026312800000000,12.00,45.00
635026313400000000,12.00,45.00
635026314000000000,12.00,45.00
635026314600000000,12.00,46.00
635026315200000000,12.00,46.00
635026315800000000,12.00,45.00
635026316400000000,12.00,46.00
635026317000000000,13.00,46.00
635026317600000000,12.00,46.00
635026318200000000,12.00,45.00
635026318800000000,12.00,45.00
635026319400000000,12.00,45.00
635026320000000000,12.00,45.00
635026320600000000,12.00,44.00
635026321200000000,12.00,44.00
635026321800000000,13.00,44.00
635026322400000000,13.00,44.00
635026323000000000,14.00,44.00
635026323600000000,15.00,44.00
635026324200000000,15.00,44.00
635026324800000000,15.00,44.00
635026325400000000,16.00,44.00
635026326000000000,16.00,44.00
635026326600000000,16.00,44.00
635026327200000000,17.00,44.00
635026327800000000,17.00,44.00
635026328400000000,17.00,43.00
635026329000000000,17.00,43.00
635026329600000000,18.00,43.00
635026330200000000,18.00,44.00
635026330800000000,18.00,44.00
635026331400000000,18.00,43.00
635026332000000000,18.00,43.00
635026332600000000,18.00,43.00
635026333200000000,18.00,43.00
635026333800000000,18.00,43.00
635026334400000000,18.00,42.00
635026335000000000,18.00,42.00
635026335600000000,18.00,42.00
635026336200000000,18.00,42.00
635026336800000000,18.00,43.00
635026337400000000,17.00,43.00
635026338000000000,17.00,43.00
635026338600000000,18.00,43.00
635026339200000000,18.00,43.00
635026339800000000,18.00,42.00
635026340400000000,18.00,43.00
635026341000000000,18.00,44.00
635026341600000000,18.00,44.00
635026342200000000,18.00,44.00
635026342800000000,18.00,44.00
635026343400000000,18.00,44.00
635026344000000000,18.00,44.00
635026344600000000,17.00,44.00
635026345200000000,17.00,43.00
635026345800000000,17.00,43.00
635026346400000000,18.00,43.00
635026347000000000,17.00,43.00
635026347600000000,16.00,43.00
635026348200000000,16.00,43.00
635026348800000000,17.00,43.00
635026349400000000,17.00,43.00
635026350000000000,18.00,43.00
635026350600000000,18.00,43.00
635026351200000000,18.00,42.00
635026351800000000,18.00,42.00
635026352400000000,18.00,41.00
635026353000000000,18.00,40.00
635026353600000000,18.00,40.00
635026354200000000,18.00,40.00
635026354800000000,18.00,40.00
635026355400000000,17.00,40.00
635026356000000000,16.00,40.00
635026356600000000,16.00,41.00
635026357200000000,16.00,42.00
635026357800000000,16.00,42.00
635026358400000000,15.00,42.00
635026359000000000,15.00,41.00
635026359600000000,15.00,41.00
635026360200000000,15.00,41.00
635026360800000000,15.00,41.00
635026361400000000,16.00,41.00
635026362000000000,16.00,41.00
635026362600000000,16.00,41.00
635026363200000000,16.00,42.00
635026363800000000,17.00,42.00
635026364400000000,17.00,42.00
635026365000000000,17.00,41.00
635026365600000000,18.00,41.00
635026366200000000,18.00,41.00
635026366800000000,18.00,41.00
635026367400000000,17.00,41.00
635026368000000000,17.00,40.00
635026368600000000,18.00,40.00
635026369200000000,18.00,40.00
635026369800000000,18.00,40.00
635026370400000000,17.00,40.00
635026371000000000,17.00,40.00
635026371600000000,17.00,40.00
635026372200000000,17.00,40.00
635026372800000000,17.00,40.00
635026373400000000,17.00,40.00
635026374000000000,17.00,40.00
635026374600000000,17.00,40.00
635026375200000000,17.00,41.00
635026375800000000,17.00,41.00
635026376400000000,17.00,41.00
635026377000000000,17.00,40.00
635026377600000000,17.00,40.00
635026378200000000,17.00,40.00
635026378800000000,17.00,40.00
635026379400000000,17.00,40.00
635026380000000000,17.00,40.00
635026380600000000,17.00,40.00
635026381200000000,17.00,41.00
635026381800000000,17.00,41.00
635026382400000000,17.00,42.00
635026383000000000,18.00,42.00
635026383600000000,18.00,42.00
635026384200000000,18.00,43.00
635026384800000000,18.00,42.00
635026385400000000,18.00,42.00
635026386000000000,18.00,43.00
635026386600000000,17.00,43.00
635026387200000000,18.00,43.00
635026387800000000,18.00,43.00
635026388400000000,18.00,43.00
635026389000000000,17.00,43.00
635026389600000000,17.00,43.00
635026390200000000,17.00,43.00
635026390800000000,17.00,44.00
635026391400000000,17.00,45.00
635026392000000000,17.00,45.00
635026392600000000,17.00,45.00
635026393200000000,17.00,45.00
635026393800000000,17.00,45.00
635026394400000000,17.00,45.00
635026395000000000,17.00,45.00
635026395600000000,17.00,45.00
635026396200000000,17.00,46.00
635026396800000000,17.00,47.00
635026397400000000,17.00,48.00
635026398000000000,17.00,48.00
635026398600000000,16.00,48.00
635026399200000000,15.00,48.00
635026399800000000,15.00,47.00
635026400400000000,15.00,47.00
635026401000000000,15.00,47.00
635026401600000000,15.00,47.00
635026402200000000,15.00,47.00
635026402800000000,14.00,47.00
635026403400000000,13.00,47.00
635026404000000000,13.00,46.00
635026404600000000,13.00,45.00
635026405200000000,13.00,44.00
635026405800000000,13.00,44.00
635026406400000000,13.00,44.00
635026407000000000,13.00,45.00
635026407600000000,13.00,45.00
635026408200000000,13.00,45.00
635026408800000000,14.00,45.00
635026409400000000,14.00,45.00
635026410000000000,14.00,45.00
635026410600000000,13.00,45.00
635026411200000000,13.00,45.00
635026411800000000,13.00,44.00
635026412400000000,13.00,44.00
635026413000000000,13.00,44.00
635026413600000000,13.00,44.00
635026414200000000,13.00,44.00
635026414800000000,13.00,45.00
635026415400000000,13.00,45.00
635026416000000000,13.00,44.00
635026416600000000,13.00,45.00
635026417200000000,13.00,45.00
635026417800000000,14.00,45.00
635026418400000000,14.00,45.00
635026419000000000,13.00,45.00
635026419600000000,13.00,45.00
635026420200000000,13.00,45.00
635026420800000000,13.00,45.00
635026421400000000,13.00,45.00
635026422000000000,13.00,46.00
635026422600000000,13.00,46.00
635026423200000000,13.00,46.00
635026423800000000,12.00,46.00
635026424400000000,12.00,46.00
635026425000000000,12.00,47.00
635026425600000000,12.00,46.00
635026426200000000,12.00,46.00
635026426800000000,13.00,46.00
635026427400000000,13.00,45.00
635026428000000000,13.00,45.00
635026428600000000,13.00,45.00
635026429200000000,12.00,45.00
635026429800000000,12.00,45.00
635026430400000000,12.00,45.00
635026431000000000,12.00,46.00
635026431600000000,12.00,46.00
635026432200000000,12.00,46.00
635026432800000000,12.00,45.00
635026433400000000,12.00,45.00
635026434000000000,12.00,45.00
635026434600000000,12.00,46.00
635026435200000000,12.00,46.00
635026435800000000,12.00,45.00
635026436400000000,12.00,45.00
635026437000000000,13.00,45.00
635026437600000000,13.00,44.00
635026438200000000,13.00,45.00
635026438800000000,13.00,45.00
635026439400000000,13.00,45.00
635026440000000000,13.00,44.00
635026440600000000,13.00,45.00
635026441200000000,14.00,45.00
635026441800000000,13.00,45.00
635026442400000000,13.00,46.00
635026443000000000,13.00,46.00
635026443600000000,13.00,46.00
635026444200000000,13.00,46.00
635026444800000000,13.00,46.00
635026445400000000,13.00,46.00
635026446000000000,13.00,47.00
635026446600000000,13.00,47.00
635026447200000000,13.00,47.00
635026447800000000,13.00,47.00
635026448400000000,14.00,47.00
635026449000000000,14.00,47.00
635026449600000000,15.00,47.00
635026450200000000,15.00,48.00
635026450800000000,15.00,48.00
635026451400000000,15.00,49.00
635026452000000000,15.00,49.00
635026452600000000,14.00,49.00
635026453200000000,14.00,50.00
635026453800000000,14.00,50.00
635026454400000000,14.00,50.00
635026455000000000,15.00,50.00
635026455600000000,15.00,49.00
635026456200000000,16.00,49.00
635026456800000000,16.00,50.00
635026457400000000,16.00,50.00
635026458000000000,16.00,50.00
635026458600000000,17.00,50.00
635026459200000000,17.00,50.00
635026459800000000,17.00,50.00
635026460400000000,18.00,50.00
635026461000000000,18.00,49.00
635026461600000000,18.00,49.00
635026462200000000,18.00,49.00
635026462800000000,18.00,48.00
635026463400000000,18.00,48.00
635026464000000000,18.00,48.00
635026464600000000,18.00,48.00
635026465200000000,18.00,49.00
635026465800000000,18.00,49.00
635026466400000000,18.00,49.00
635026467000000000,17.00,49.00
635026467600000000,17.00,49.00
635026468200000000,17.00,49.00
635026468800000000,17.00,50.00
635026469400000000,17.00,50.00
635026470000000000,17.00,50.00
635026470600000000,16.00,50.00
635026471200000000,16.00,50.00
635026471800000000,15.00,50.00
635026472400000000,15.00,50.00
635026473000000000,14.00,50.00
635026473600000000,15.00,50.00
635026474200000000,14.00,50.00
635026474800000000,14.00,49.00
635026475400000000,14.00,50.00
635026476000000000,14.00,50.00
635026476600000000,14.00,50.00
635026477200000000,14.00,50.00
635026477800000000,14.00,50.00
635026478400000000,14.00,50.00
635026479000000000,14.00,50.00
635026479600000000,14.00,50.00
635026480200000000,14.00,50.00
635026480800000000,14.00,50.00
635026481400000000,14.00,50.00
635026482000000000,14.00,50.00
635026482600000000,15.00,50.00
635026483200000000,15.00,50.00
635026483800000000,15.00,50.00
635026484400000000,15.00,50.00
635026485000000000,15.00,50.00
635026485600000000,15.00,50.00
635026486200000000,15.00,50.00
635026486800000000,14.00,50.00
635026487400000000,14.00,50.00
635026488000000000,14.00,49.00
635026488600000000,14.00,49.00
635026489200000000,14.00,49.00
635026489800000000,14.00,49.00
635026490400000000,14.00,49.00
635026491000000000,14.00,49.00
635026491600000000,14.00,48.00
635026492200000000,15.00,48.00
635026492800000000,15.00,48.00
635026493400000000,15.00,48.00
635026494000000000,15.00,47.00
635026494600000000,15.00,47.00
635026495200000000,15.00,47.00
635026495800000000,14.00,47.00
635026496400000000,14.00,47.00
635026497000000000,14.00,47.00
635026497600000000,14.00,47.00
635026498200000000,14.00,47.00
635026498800000000,14.00,47.00
635026499400000000,14.00,46.00
635026500000000000,14.00,45.00
635026500600000000,14.00,45.00
635026501200000000,14.00,45.00
635026501800000000,14.00,45.00
635026502400000000,14.00,45.00
635026503000000000,14.00,45.00
635026503600000000,14.00,46.00
635026504200000000,14.00,46.00
635026504800000000,14.00,46.00
635026505400000000,15.00,46.00
635026506000000000,15.00,47.00
635026506600000000,15.00,47.00
635026507200000000,15.00,47.00
635026507800000000,15.00,47.00
635026508400000000,15.00,47.00
635026509000000000,15.00,47.00
635026509600000000,15.00,47.00
635026510200000000,15.00,48.00
635026510800000000,15.00,48.00
635026511400000000,14.00,48.00
635026512000000000,14.00,48.00
635026512600000000,14.00,48.00
635026513200000000,13.00,48.00
635026513800000000,14.00,48.00
635026514400000000,14.00,49.00
635026515000000000,15.00,49.00
635026515600000000,15.00,48.00
635026516200000000,15.00,48.00
635026516800000000,16.00,48.00
635026517400000000,16.00,48.00
635026518000000000,17.00,48.00
635026518600000000,16.00,48.00
635026519200000000,16.00,48.00
635026519800000000,16.00,48.00
635026520400000000,15.00,48.00
635026521000000000,15.00,48.00
635026521600000000,16.00,48.00
635026522200000000,17.00,48.00
635026522800000000,17.00,47.00
635026523400000000,17.00,47.00
635026524000000000,17.00,47.00
635026524600000000,17.00,47.00
635026525200000000,17.00,47.00
635026525800000000,17.00,47.00
635026526400000000,17.00,47.00
635026527000000000,17.00,47.00
635026527600000000,17.00,47.00
635026528200000000,17.00,47.00
635026528800000000,17.00,48.00
635026529400000000,16.00,48.00
635026530000000000,16.00,48.00
635026530600000000,16.00,48.00
635026531200000000,16.00,48.00
635026531800000000,16.00,48.00
635026532400000000,16.00,48.00
635026533000000000,16.00,48.00
635026533600000000,16.00,48.00
635026534200000000,16.00,48.00
635026534800000000,16.00,47.00
635026535400000000,16.00,47.00
635026536000000000,16.00,47.00
635026536600000000,16.00,47.00
635026537200000000,16.00,47.00
635026537800000000,16.00,47.00
635026538400000000,17.00,47.00
635026539000000000,16.00,47.00
635026539600000000,16.00,47.00
635026540200000000,15.00,47.00
635026540800000000,15.00,47.00
635026541400000000,15.00,48.00
635026542000000000,15.00,48.00
635026542600000000,15.00,48.00
635026543200000000,15.00,48.00
635026543800000000,15.00,48.00
635026544400000000,15.00,48.00
635026545000000000,15.00,49.00
635026545600000000,14.00,49.00
635026546200000000,14.00,49.00
635026546800000000,14.00,49.00
635026547400000000,14.00,50.00
635026548000000000,14.00,49.00
635026548600000000,14.00,49.00
635026549200000000,14.00,49.00
635026549800000000,14.00,49.00
635026550400000000,14.00,49.00
635026551000000000,14.00,49.00
635026551600000000,14.00,48.00
635026552200000000,13.00,48.00
635026552800000000,13.00,49.00
635026553400000000,13.00,49.00
635026554000000000,14.00,49.00
635026554600000000,14.00,48.00
635026555200000000,14.00,48.00
635026555800000000,14.00,48.00
635026556400000000,14.00,47.00
635026557000000000,14.00,47.00
635026557600000000,14.00,47.00
635026558200000000,14.00,47.00
635026558800000000,14.00,47.00
635026559400000000,14.00,46.00
635026560000000000,14.00,47.00
635026560600000000,14.00,47.00
635026561200000000,13.00,47.00
635026561800000000,13.00,47.00
635026562400000000,13.00,46.00
635026563000000000,14.00,46.00
635026563600000000,14.00,46.00
635026564200000000,14.00,46.00
635026564800000000,14.00,46.00
635026565400000000,14.00,47.00
635026566000000000,14.00,47.00
635026566600000000,15.00,47.00
635026567200000000,14.00,47.00
635026567800000000,13.00,47.00
635026568400000000,14.00,47.00
635026569000000000,14.00,47.00
635026569600000000,15.00,47.00
635026570200000000,15.00,47.00
635026570800000000,15.00,47.00
635026571400000000,15.00,47.00
635026572000000000,15.00,47.00
635026572600000000,15.00,47.00
635026573200000000,15.00,47.00
635026573800000000,14.00,47.00
635026574400000000,14.00,48.00
635026575000000000,14.00,47.00
635026575600000000,14.00,48.00
635026576200000000,14.00,48.00
635026576800000000,14.00,48.00
635026577400000000,14.00,48.00
635026578000000000,14.00,47.00
635026578600000000,14.00,48.00
635026579200000000,14.00,48.00
635026579800000000,13.00,48.00
635026580400000000,14.00,48.00
635026581000000000,14.00,48.00
635026581600000000,14.00,47.00
635026582200000000,14.00,47.00
635026582800000000,14.00,47.00
635026583400000000,14.00,47.00
635026584000000000,14.00,47.00
635026584600000000,14.00,46.00
635026585200000000,14.00,47.00
635026585800000000,15.00,47.00
635026586400000000,15.00,47.00
635026587000000000,15.00,47.00
635026587600000000,14.00,47.00
635026588200000000,14.00,47.00
635026588800000000,14.00,47.00
635026589400000000,14.00,47.00
635026590000000000,14.00,47.00
635026590600000000,15.00,47.00
635026591200000000,14.00,47.00
635026591800000000,15.00,47.00
635026592400000000,15.00,47.00
635026593000000000,15.00,47.00
635026593600000000,15.00,47.00
635026594200000000,16.00,47.00
635026594800000000,16.00,47.00
635026595400000000,16.00,47.00
635026596000000000,16.00,47.00
635026596600000000,16.00,47.00
635026597200000000,16.00,48.00
635026597800000000,17.00,48.00
635026598400000000,17.00,48.00
635026599000000000,17.00,47.00
635026599600000000,18.00,47.00
635026600200000000,18.00,47.00
635026600800000000,18.00,47.00
635026601400000000,18.00,48.00
635026602000000000,18.00,48.00
635026602600000000,18.00,48.00
635026603200000000,18.00,47.00
635026603800000000,18.00,47.00
635026604400000000,18.00,47.00
635026605000000000,18.00,46.00
635026605600000000,18.00,47.00
635026606200000000,18.00,47.00
635026606800000000,18.00,48.00
635026607400000000,18.00,49.00
635026608000000000,17.00,49.00
635026608600000000,17.00,49.00
635026609200000000,17.00,49.00
635026609800000000,16.00,49.00
635026610400000000,16.00,49.00
635026611000000000,16.00,48.00
635026611600000000,17.00,48.00
635026612200000000,17.00,48.00
635026612800000000,17.00,48.00
635026613400000000,17.00,49.00
635026614000000000,18.00,49.00
635026614600000000,18.00,48.00
635026615200000000,18.00,48.00
635026615800000000,18.00,48.00
635026616400000000,17.00,48.00
635026617000000000,17.00,48.00
635026617600000000,16.00,48.00
635026618200000000,16.00,49.00
635026618800000000,15.00,49.00
635026619400000000,15.00,49.00
635026620000000000,15.00,49.00
635026620600000000,14.00,49.00
635026621200000000,14.00,49.00
635026621800000000,14.00,49.00
635026622400000000,14.00,49.00
635026623000000000,14.00,49.00
635026623600000000,14.00,49.00
635026624200000000,14.00,48.00
635026624800000000,14.00,47.00
635026625400000000,13.00,47.00
635026626000000000,13.00,47.00
635026626600000000,13.00,47.00
635026627200000000,13.00,47.00
635026627800000000,13.00,46.00
635026628400000000,13.00,46.00
635026629000000000,14.00,46.00
635026629600000000,14.00,46.00
635026630200000000,13.00,46.00
635026630800000000,12.00,46.00
635026631400000000,12.00,45.00
635026632000000000,12.00,46.00
635026632600000000,12.00,47.00
635026633200000000,12.00,46.00
635026633800000000,12.00,46.00
635026634400000000,12.00,47.00
635026635000000000,12.00,47.00
635026635600000000,12.00,47.00
635026636200000000,12.00,47.00
635026636800000000,12.00,47.00
635026637400000000,12.00,47.00
635026638000000000,12.00,48.00
635026638600000000,13.00,48.00
635026639200000000,13.00,48.00
635026639800000000,13.00,48.00
635026640400000000,13.00,47.00
635026641000000000,13.00,47.00
635026641600000000,13.00,48.00
635026642200000000,13.00,47.00
635026642800000000,12.00,47.00
635026643400000000,12.00,46.00
635026644000000000,12.00,46.00
635026644600000000,12.00,46.00
635026645200000000,12.00,46.00
635026645800000000,12.00,45.00
635026646400000000,12.00,45.00
635026647000000000,12.00,45.00
635026647600000000,12.00,45.00
635026648200000000,12.00,45.00
635026648800000000,12.00,45.00
635026649400000000,13.00,45.00
635026650000000000,14.00,45.00
635026650600000000,14.00,45.00
635026651200000000,15.00,45.00
635026651800000000,15.00,45.00
635026652400000000,14.00,45.00
635026653000000000,14.00,45.00
635026653600000000,14.00,45.00
635026654200000000,14.00,45.00
635026654800000000,14.00,46.00
635026655400000000,14.00,46.00
635026656000000000,14.00,46.00
635026656600000000,14.00,46.00
635026657200000000,14.00,46.00
635026657800000000,14.00,46.00
635026658400000000,14.00,46.00
635026659000000000,14.00,46.00
635026659600000000,14.00,47.00
635026660200000000,14.00,47.00
635026660800000000,14.00,47.00
635026661400000000,14.00,47.00
635026662000000000,14.00,47.00
635026662600000000,14.00,47.00
635026663200000000,14.00,47.00
635026663800000000,14.00,47.00
635026664400000000,14.00,47.00
635026665000000000,14.00,47.00
635026665600000000,14.00,47.00
635026666200000000,14.00,47.00
635026666800000000,15.00,47.00
635026667400000000,14.00,47.00
635026668000000000,14.00,47.00
635026668600000000,14.00,47.00
635026669200000000,14.00,47.00
635026669800000000,14.00,47.00
635026670400000000,14.00,47.00
635026671000000000,14.00,48.00
635026671600000000,14.00,48.00
635026672200000000,14.00,48.00
635026672800000000,14.00,48.00
635026673400000000,14.00,48.00
635026674000000000,13.00,48.00
635026674600000000,13.00,48.00
635026675200000000,12.00,48.00
635026675800000000,12.00,47.00
635026676400000000,12.00,47.00
635026677000000000,12.00,47.00
635026677600000000,12.00,47.00
635026678200000000,12.00,47.00
635026678800000000,12.00,47.00
635026679400000000,12.00,46.00
635026680000000000,12.00,46.00
635026680600000000,12.00,46.00
635026681200000000,12.00,46.00
635026681800000000,13.00,46.00
635026682400000000,12.00,46.00
635026683000000000,12.00,46.00
635026683600000000,13.00,46.00
635026684200000000,13.00,47.00
635026684800000000,12.00,47.00
635026685400000000,12.00,47.00
635026686000000000,12.00,47.00
635026686600000000,12.00,47.00
635026687200000000,12.00,47.00
635026687800000000,12.00,47.00
635026688400000000,12.00,46.00
635026689000000000,12.00,46.00
635026689600000000,12.00,46.00
635026690200000000,12.00,45.00
635026690800000000,12.00,45.00
635026691400000000,12.00,45.00
635026692000000000,12.00,45.00
635026692600000000,12.00,45.00
635026693200000000,12.00,44.00
635026693800000000,12.00,44.00
635026694400000000,12.00,44.00
635026695000000000,12.00,45.00
635026695600000000,12.00,44.00
635026696200000000,12.00,44.00
635026696800000000,12.00,45.00
635026697400000000,12.00,45.00
635026698000000000,12.00,45.00
635026698600000000,12.00,45.00
635026699200000000,12.00,45.00
635026699800000000,12.00,45.00
635026700400000000,12.00,46.00
635026701000000000,12.00,46.00
635026701600000000,12.00,45.00
635026702200000000,12.00,45.00
635026702800000000,12.00,46.00
635026703400000000,12.00,46.00
635026704000000000,12.00,47.00
635026704600000000,12.00,47.00
635026705200000000,12.00,47.00
635026705800000000,13.00,47.00
635026706400000000,13.00,47.00
635026707000000000,13.00,48.00
635026707600000000,13.00,48.00
635026708200000000,14.00,48.00
635026708800000000,14.00,48.00
635026709400000000,14.00,48.00
635026710000000000,15.00,48.00
635026710600000000,15.00,47.00
635026711200000000,15.00,47.00
635026711800000000,15.00,47.00
635026712400000000,15.00,47.00
635026713000000000,15.00,46.00
635026713600000000,15.00,47.00
635026714200000000,15.00,47.00
635026714800000000,15.00,47.00
635026715400000000,15.00,47.00
635026716000000000,14.00,47.00
635026716600000000,14.00,46.00
635026717200000000,14.00,46.00
635026717800000000,14.00,45.00
635026718400000000,14.00,45.00
635026719000000000,14.00,45.00
635026719600000000,14.00,44.00
635026720200000000,14.00,44.00
635026720800000000,14.00,44.00
635026721400000000,14.00,44.00
635026722000000000,14.00,44.00
635026722600000000,15.00,44.00
635026723200000000,16.00,44.00
635026723800000000,16.00,44.00
635026724400000000,16.00,44.00
635026725000000000,16.00,44.00
635026725600000000,16.00,44.00
635026726200000000,16.00,45.00
635026726800000000,16.00,46.00
635026727400000000,16.00,47.00
635026728000000000,16.00,48.00
635026728600000000,16.00,47.00
635026729200000000,16.00,47.00
635026729800000000,16.00,47.00
635026730400000000,16.00,47.00
635026731000000000,16.00,47.00
635026731600000000,17.00,47.00
635026732200000000,17.00,47.00
635026732800000000,17.00,47.00
635026733400000000,17.00,47.00
635026734000000000,17.00,47.00
635026734600000000,17.00,47.00
635026735200000000,17.00,48.00
635026735800000000,17.00,47.00
635026736400000000,17.00,47.00
635026737000000000,17.00,47.00
635026737600000000,17.00,47.00
635026738200000000,17.00,48.00
635026738800000000,17.00,48.00
635026739400000000,17.00,48.00
635026740000000000,17.00,48.00
635026740600000000,18.00,48.00
635026741200000000,17.00,48.00
635026741800000000,17.00,48.00
635026742400000000,17.00,48.00
635026743000000000,17.00,48.00
635026743600000000,17.00,47.00
635026744200000000,18.00,47.00
635026744800000000,18.00,46.00
635026745400000000,18.00,46.00
635026746000000000,18.00,46.00
635026746600000000,18.00,46.00
635026747200000000,17.00,46.00
635026747800000000,17.00,47.00
635026748400000000,17.00,47.00
635026749000000000,17.00,47.00
635026749600000000,17.00,47.00
635026750200000000,17.00,48.00
635026750800000000,17.00,48.00
635026751400000000,18.00,48.00
635026752000000000,18.00,48.00
635026752600000000,18.00,48.00
635026753200000000,17.00,48.00
635026753800000000,17.00,48.00
635026754400000000,17.00,48.00
635026755000000000,17.00,48.00
635026755600000000,17.00,48.00
635026756200000000,17.00,48.00
635026756800000000,17.00,48.00
635026757400000000,17.00,48.00
635026758000000000,16.00,48.00
635026758600000000,16.00,48.00
635026759200000000,16.00,48.00
635026759800000000,16.00,47.00
635026760400000000,16.00,46.00
635026761000000000,16.00,47.00
635026761600000000,15.00,47.00
635026762200000000,14.00,47.00
635026762800000000,14.00,47.00
635026763400000000,14.00,47.00
635026764000000000,13.00,47.00
635026764600000000,14.00,47.00
635026765200000000,14.00,48.00
635026765800000000,14.00,48.00
635026766400000000,14.00,47.00
635026767000000000,14.00,47.00
635026767600000000,14.00,47.00
635026768200000000,15.00,47.00
635026768800000000,15.00,47.00
635026769400000000,14.00,47.00
635026770000000000,15.00,47.00
635026770600000000,15.00,46.00
635026771200000000,15.00,46.00
635026771800000000,15.00,46.00
635026772400000000,15.00,46.00
635026773000000000,14.00,46.00
635026773600000000,14.00,46.00
635026774200000000,14.00,45.00
635026774800000000,14.00,45.00
635026775400000000,13.00,45.00
635026776000000000,12.00,45.00
635026776600000000,12.00,45.00
635026777200000000,13.00,45.00
635026777800000000,13.00,45.00
635026778400000000,13.00,45.00
635026779000000000,14.00,45.00
635026779600000000,14.00,46.00
635026780200000000,14.00,46.00
635026780800000000,14.00,46.00
635026781400000000,14.00,45.00
635026782000000000,14.00,45.00
635026782600000000,14.00,45.00
635026783200000000,14.00,45.00
635026783800000000,14.00,45.00
635026784400000000,14.00,45.00
635026785000000000,14.00,45.00
635026785600000000,14.00,44.00
635026786200000000,14.00,45.00
635026786800000000,14.00,45.00
635026787400000000,14.00,46.00
635026788000000000,13.00,46.00
635026788600000000,13.00,46.00
635026789200000000,13.00,46.00
635026789800000000,13.00,46.00
635026790400000000,13.00,46.00
635026791000000000,13.00,46.00
635026791600000000,13.00,46.00
635026792200000000,13.00,47.00
635026792800000000,13.00,46.00
635026793400000000,12.00,46.00
635026794000000000,12.00,45.00
635026794600000000,12.00,45.00
635026795200000000,12.00,45.00
635026795800000000,12.00,45.00
635026796400000000,12.00,45.00
635026797000000000,12.00,45.00
635026797600000000,12.00,45.00
635026798200000000,12.00,45.00
635026798800000000,12.00,45.00
635026799400000000,12.00,46.00
635026800000000000,12.00,45.00
635026800600000000,12.00,45.00
635026801200000000,13.00,45.00
635026801800000000,13.00,46.00
635026802400000000,13.00,46.00
635026803000000000,13.00,45.00
635026803600000000,13.00,45.00
635026804200000000,13.00,45.00
635026804800000000,13.00,45.00
635026805400000000,14.00,45.00
635026806000000000,14.00,45.00
635026806600000000,14.00,45.00
635026807200000000,14.00,45.00
635026807800000000,14.00,46.00
635026808400000000,15.00,46.00
635026809000000000,15.00,45.00
635026809600000000,15.00,45.00
635026810200000000,15.00,44.00
635026810800000000,14.00,44.00
635026811400000000,13.00,44.00
635026812000000000,12.00,44.00
635026812600000000,12.00,44.00
635026813200000000,12.00,44.00
635026813800000000,12.00,44.00
635026814400000000,13.00,44.00
635026815000000000,13.00,44.00
635026815600000000,14.00,44.00
635026816200000000,14.00,44.00
635026816800000000,14.00,45.00
635026817400000000,14.00,46.00
635026818000000000,15.00,46.00
635026818600000000,15.00,46.00
635026819200000000,15.00,45.00
635026819800000000,14.00,45.00
635026820400000000,14.00,45.00
635026821000000000,14.00,44.00
635026821600000000,14.00,44.00
635026822200000000,14.00,44.00
635026822800000000,13.00,44.00
635026823400000000,14.00,44.00
635026824000000000,14.00,44.00
635026824600000000,14.00,45.00
635026825200000000,14.00,45.00
635026825800000000,14.00,44.00
635026826400000000,14.00,43.00
635026827000000000,14.00,43.00
635026827600000000,14.00,43.00
635026828200000000,14.00,44.00
635026828800000000,14.00,44.00
635026829400000000,14.00,45.00
635026830000000000,14.00,45.00
635026830600000000,14.00,45.00
635026831200000000,14.00,44.00
635026831800000000,14.00,44.00
635026832400000000,13.00,44.00
635026833000000000,13.00,43.00
635026833600000000,13.00,44.00
635026834200000000,13.00,43.00
635026834800000000,13.00,44.00
635026835400000000,13.00,44.00
635026836000000000,13.00,43.00
635026836600000000,13.00,43.00
635026837200000000,13.00,42.00
635026837800000000,13.00,41.00
635026838400000000,14.00,41.00
635026839000000000,14.00,41.00
635026839600000000,13.00,41.00
635026840200000000,13.00,41.00
635026840800000000,13.00,40.00
635026841400000000,13.00,40.00
635026842000000000,13.00,40.00
635026842600000000,13.00,40.00
635026843200000000,12.00,40.00
635026843800000000,13.00,40.00
635026844400000000,13.00,40.00
635026845000000000,13.00,40.00
635026845600000000,13.00,40.00
635026846200000000,14.00,40.00
635026846800000000,14.00,40.00
635026847400000000,14.00,41.00
635026848000000000,14.00,41.00
635026848600000000,14.00,41.00
635026849200000000,14.00,41.00
635026849800000000,14.00,41.00
635026850400000000,14.00,41.00
635026851000000000,14.00,40.00
635026851600000000,14.00,40.00
635026852200000000,14.00,40.00
635026852800000000,15.00,40.00
635026853400000000,15.00,40.00
635026854000000000,16.00,40.00
635026854600000000,16.00,41.00
635026855200000000,16.00,40.00
635026855800000000,16.00,40.00
635026856400000000,16.00,40.00
635026857000000000,16.00,40.00
635026857600000000,16.00,40.00
635026858200000000,15.00,40.00
635026858800000000,15.00,40.00
635026859400000000,15.00,40.00
635026860000000000,15.00,40.00
635026860600000000,14.00,40.00
635026861200000000,14.00,40.00
635026861800000000,14.00,40.00
635026862400000000,14.00,40.00
635026863000000000,14.00,40.00
635026863600000000,14.00,40.00
635026864200000000,14.00,41.00
635026864800000000,14.00,42.00
635026865400000000,14.00,41.00
635026866000000000,15.00,41.00
635026866600000000,15.00,42.00
635026867200000000,15.00,42.00
635026867800000000,16.00,42.00
635026868400000000,16.00,42.00
635026869000000000,16.00,42.00
635026869600000000,16.00,41.00
635026870200000000,16.00,40.00
635026870800000000,16.00,40.00
635026871400000000,16.00,40.00
635026872000000000,16.00,40.00
635026872600000000,16.00,40.00
635026873200000000,16.00,40.00
635026873800000000,16.00,40.00
635026874400000000,16.00,40.00
635026875000000000,16.00,40.00
635026875600000000,16.00,40.00
635026876200000000,16.00,40.00
635026876800000000,16.00,40.00
635026877400000000,16.00,40.00
635026878000000000,16.00,40.00
635026878600000000,15.00,40.00
635026879200000000,15.00,40.00
635026879800000000,15.00,40.00
635026880400000000,15.00,40.00
635026881000000000,15.00,40.00
635026881600000000,15.00,40.00
635026882200000000,15.00,40.00
635026882800000000,15.00,40.00
635026883400000000,15.00,40.00
635026884000000000,15.00,40.00
635026884600000000,14.00,40.00
635026885200000000,14.00,40.00
635026885800000000,14.00,40.00
635026886400000000,14.00,40.00
635026887000000000,14.00,40.00
635026887600000000,14.00,40.00
635026888200000000,14.00,40.00
635026888800000000,14.00,40.00
635026889400000000,13.00,40.00
635026890000000000,13.00,40.00
635026890600000000,13.00,40.00
635026891200000000,13.00,41.00
635026891800000000,13.00,41.00
635026892400000000,14.00,41.00
635026893000000000,14.00,42.00
635026893600000000,14.00,42.00
635026894200000000,15.00,42.00
635026894800000000,16.00,42.00
635026895400000000,15.00,42.00
635026896000000000,15.00,43.00
635026896600000000,15.00,43.00
635026897200000000,15.00,43.00
635026897800000000,15.00,43.00
635026898400000000,15.00,43.00
635026899000000000,15.00,43.00
635026899600000000,15.00,43.00
635026900200000000,16.00,43.00
635026900800000000,16.00,43.00
635026901400000000,16.00,43.00
635026902000000000,16.00,43.00
635026902600000000,16.00,43.00
635026903200000000,17.00,43.00
635026903800000000,17.00,44.00
635026904400000000,17.00,44.00
635026905000000000,16.00,44.00
635026905600000000,16.00,44.00
635026906200000000,16.00,44.00
635026906800000000,16.00,45.00
635026907400000000,16.00,45.00
635026908000000000,17.00,45.00
635026908600000000,17.00,46.00
635026909200000000,17.00,46.00
635026909800000000,16.00,46.00
635026910400000000,16.00,47.00
635026911000000000,16.00,46.00
635026911600000000,16.00,46.00
635026912200000000,16.00,46.00
635026912800000000,16.00,46.00
635026913400000000,16.00,47.00
635026914000000000,16.00,48.00
635026914600000000,16.00,48.00
635026915200000000,16.00,48.00
635026915800000000,16.00,49.00
635026916400000000,16.00,48.00
635026917000000000,15.00,48.00
635026917600000000,15.00,49.00
635026918200000000,15.00,49.00
635026918800000000,15.00,50.00
635026919400000000,15.00,50.00
635026920000000000,15.00,50.00
635026920600000000,15.00,50.00
635026921200000000,15.00,50.00
635026921800000000,15.00,50.00
635026922400000000,15.00,50.00
635026923000000000,15.00,50.00
635026923600000000,15.00,50.00
635026924200000000,16.00,50.00
635026924800000000,15.00,50.00
635026925400000000,15.00,50.00
635026926000000000,15.00,49.00
635026926600000000,15.00,49.00
635026927200000000,15.00,49.00
635026927800000000,14.00,49.00
635026928400000000,15.00,49.00
635026929000000000,16.00,49.00
635026929600000000,15.00,49.00
635026930200000000,15.00,49.00
635026930800000000,15.00,48.00
635026931400000000,16.00,48.00
635026932000000000,16.00,48.00
635026932600000000,16.00,48.00
635026933200000000,15.00,48.00
635026933800000000,14.00,48.00
635026934400000000,14.00,48.00
635026935000000000,14.00,48.00
635026935600000000,14.00,48.00
635026936200000000,14.00,48.00
635026936800000000,14.00,48.00
635026937400000000,14.00,48.00
635026938000000000,14.00,48.00
635026938600000000,14.00,48.00
635026939200000000,14.00,48.00
635026939800000000,14.00,48.00
635026940400000000,14.00,48.00
635026941000000000,14.00,48.00
635026941600000000,14.00,47.00
635026942200000000,14.00,47.00
635026942800000000,14.00,47.00
635026943400000000,14.00,47.00
635026944000000000,14.00,47.00
635026944600000000,14.00,47.00
635026945200000000,14.00,47.00
635026945800000000,15.00,47.00
635026946400000000,15.00,47.00
635026947000000000,15.00,47.00
635026947600000000,14.00,47.00
635026948200000000,14.00,47.00
635026948800000000,14.00,48.00
635026949400000000,14.00,47.00
635026950000000000,15.00,47.00
635026950600000000,15.00,47.00
635026951200000000,15.00,47.00
635026951800000000,14.00,47.00
635026952400000000,14.00,47.00
635026953000000000,14.00,47.00
635026953600000000,13.00,47.00
635026954200000000,13.00,47.00
635026954800000000,12.00,47.00
635026955400000000,12.00,47.00
635026956000000000,12.00,47.00
635026956600000000,12.00,47.00
635026957200000000,12.00,47.00
635026957800000000,12.00,47.00
635026958400000000,12.00,47.00
635026959000000000,12.00,47.00
635026959600000000,12.00,47.00
635026960200000000,13.00,47.00
635026960800000000,13.00,47.00
635026961400000000,13.00,48.00
635026962000000000,13.00,48.00
635026962600000000,13.00,49.00
635026963200000000,13.00,50.00
635026963800000000,13.00,50.00
635026964400000000,14.00,50.00
635026965000000000,13.00,50.00
635026965600000000,13.00,50.00
635026966200000000,12.00,50.00
635026966800000000,12.00,49.00
635026967400000000,13.00,49.00
635026968000000000,13.00,49.00
635026968600000000,13.00,49.00
635026969200000000,13.00,49.00
635026969800000000,13.00,49.00
635026970400000000,13.00,49.00
635026971000000000,13.00,49.00
635026971600000000,13.00,48.00
635026972200000000,13.00,48.00
635026972800000000,13.00,48.00
635026973400000000,13.00,48.00
635026974000000000,13.00,48.00
635026974600000000,13.00,48.00
635026975200000000,13.00,48.00
635026975800000000,13.00,48.00
635026976400000000,13.00,48.00
635026977000000000,12.00,48.00
635026977600000000,12.00,48.00
635026978200000000,12.00,48.00
635026978800000000,12.00,48.00
635026979400000000,12.00,47.00
635026980000000000,12.00,47.00
635026980600000000,13.00,47.00
635026981200000000,13.00,47.00
635026981800000000,13.00,47.00
635026982400000000,13.00,47.00
635026983000000000,13.00,47.00
635026983600000000,12.00,47.00
635026984200000000,12.00,47.00
635026984800000000,12.00,47.00
635026985400000000,12.00,47.00
635026986000000000,12.00,47.00
635026986600000000,12.00,47.00
635026987200000000,12.00,48.00
635026987800000000,13.00,48.00
635026988400000000,13.00,49.00
635026989000000000,13.00,50.00
635026989600000000,13.00,50.00
635026990200000000,13.00,50.00
635026990800000000,13.00,50.00
635026991400000000,13.00,49.00
635026992000000000,14.00,49.00
635026992600000000,14.00,50.00
635026993200000000,13.00,50.00
635026993800000000,13.00,50.00
635026994400000000,13.00,50.00
635026995000000000,13.00,50.00
635026995600000000,13.00,50.00
635026996200000000,13.00,50.00
635026996800000000,12.00,50.00
635026997400000000,12.00,50.00
635026998000000000,12.00,50.00
635026998600000000,12.00,50.00
635026999200000000,12.00,50.00
635026999800000000,13.00,50.00
635027000400000000,13.00,50.00
635027001000000000,13.00,50.00
635027001600000000,13.00,50.00
635027002200000000,13.00,50.00
635027002800000000,13.00,50.00
635027003400000000,13.00,50.00
635027004000000000,13.00,49.00
635027004600000000,13.00,49.00
635027005200000000,13.00,48.00
635027005800000000,13.00,48.00
635027006400000000,12.00,48.00
635027007000000000,12.00,48.00
635027007600000000,12.00,47.00
635027008200000000,12.00,47.00
635027008800000000,12.00,48.00
635027009400000000,12.00,48.00
635027010000000000,12.00,48.00
635027010600000000,13.00,48.00
635027011200000000,13.00,48.00
635027011800000000,13.00,48.00
635027012400000000,13.00,49.00
635027013000000000,13.00,49.00
635027013600000000,13.00,49.00
635027014200000000,12.00,49.00
635027014800000000,12.00,50.00
635027015400000000,12.00,50.00
